+---+---+---+---+---+---+
|   |   | 2 |   |   |   |
+---+---+---+---+---+---+
|   |   | 3 | 5 |   |   |
+---+---+---+---+---+---+
|   |   |   |   |   |   |
+---+---+---+---+---+---+
|   | 3 |   |   |   | 4 |
+---+---+---+---+---+---+
|   | 4 |   | 1 | 6 |   |
+---+---+---+---+---+---+
|   |   |   | 2 |   |   |
+---+---+---+---+---+---+
9 givens
+---+---+---+---+---+---+
| 1 | 5 | 2 | 4 | 3 | 6 |
+---+---+---+---+---+---+
| 4 | 6 | 3 | 5 | 1 | 2 |
+---+---+---+---+---+---+
| 6 | 2 | 4 | 3 | 5 | 1 |
+---+---+---+---+---+---+
| 5 | 3 | 1 | 6 | 2 | 4 |
+---+---+---+---+---+---+
| 2 | 4 | 5 | 1 | 6 | 3 |
+---+---+---+---+---+---+
| 3 | 1 | 6 | 2 | 4 | 5 |
+---+---+---+---+---+---+
unique
