+---+---+---+---+---+---+
|   |   |   | 5 |   | 3 |
+---+---+---+---+---+---+
|   |   |   |   |   |   |
+---+---+---+---+---+---+
|   | 2 |   |   | 1 |   |
+---+---+---+---+---+---+
| 6 | 4 |   |   |   |   |
+---+---+---+---+---+---+
|   |   |   |   |   | 1 |
+---+---+---+---+---+---+
| 5 |   |   |   | 2 | 6 |
+---+---+---+---+---+---+
10 givens
+---+---+---+---+---+---+
| 1 | 6 | 2 | 5 | 4 | 3 |
+---+---+---+---+---+---+
| 4 | 5 | 3 | 1 | 6 | 2 |
+---+---+---+---+---+---+
| 3 | 2 | 5 | 6 | 1 | 4 |
+---+---+---+---+---+---+
| 6 | 4 | 1 | 2 | 3 | 5 |
+---+---+---+---+---+---+
| 2 | 3 | 6 | 4 | 5 | 1 |
+---+---+---+---+---+---+
| 5 | 1 | 4 | 3 | 2 | 6 |
+---+---+---+---+---+---+
unique
